$ANSIBLE_VAULT;1.1;AES256
36363531616535666562303830343666396235643639363830666139666164623033306364396139
6432333865373037353761306664366538326335613462640a383162653263396231636238303335
64636337306135353733386631623564346431636261376239303535333432363661626636396437
3863303436336564320a303866616462356232663230623030383762653338306532613334306361
31366632336138643066336536326466333230613762373865373732623039613963393631396134
34313030613938653564623634346339623336393866366130346664633833616166306539626639
37633237356131613830356164333066613431646431626461393264356236666165663462323464
64353533643339353266316338313965313963393734373639613865666238613666336561653337
61633836383866646431343563393533356437636362636537326663323965616263366532663734
30356239626635393962626265323134343466663965633239643035316465363462346330323138
35643236656239343639643136373563303362656534376138333564333661366365353766393861
63323139623036333331306438626538353061623264353231663835346632323737313839366239
64306661626662366565386632373037326433313035613037316561396239396234613230663734
39343239356439313938353961373065633135643734653130303838353236303161643537363936
61623563636532326230373735326437633132383166323230613637643833613764653061316636
31656133373830636338653564333632646139336433653337346362363039633435626132313638
65306637336230623764356237353036393235663931666632663231313235363135613430643730
63383566366334633738613531653931356165343632366230623435343834396536646535623662
32366137316539386131633839333934633536623634643933366362326632376365656639313963
30323061386162366131333264363439623530626464626466313634626565316461333663653731
32643862346434623131656461303134376138623666363839343330393161343736313839643437
36326538663234303462666365386539623835313866306233303066633465313432323263386565
33613433393435383034393162366165366531613765666532373636646239363039333337643938
38323961613362393435623232343335643334353938333266646136653931323632373535346236
64663430633666383935393062356334323034613537633130663233346464653363343162363562
34343236393734613638316165383630656566336232366438363961663665613034616331313164
38333964363464346336346566633731613534316666633131353061393233666435393235393531
63666364623130643064356436393234333137313431303664666362323832363265373364376331
63313637616533353739326631663635383261666633373261333862353631356637663235616439
32613538636437373532353965636463353136383134356238663464343634613265323763613266
62343331333066363031336538343537333039653865306235393164393938383664323836316638
30663636313433653862623435316263613961333163646438333432633564646262363862346664
63643039313235656465663261333333363939393963656531373936646633613635303435643230
64636464613731383536326638623661376662336436646231373033616533613534343866616337
64633230353861616537393430373562316234633232326331393438343365613435353130653639
33626230653933316263356632323966616165363337396435656233613139353135356662333939
64663162356465353636373565663030396535626234646265373139616365623963616665663739
31383533613065613533623761366235626536313565323335336438376232323462363863343965
34343039653261623731393062373063393939616233353333366138666562393536636636373939
35346666356535363835396161666635373866373564653961313963306636376361646361336464
30356238303539666234653765363162333134613231383535363831613935343266666265326531
65343832623366363433636130653830346264353933343032383232373162386161623061653064
36356130313537373561613763303736333631663933323561643761613431623036656564616432
31613562653566386230373532346466666433333661666363313863666462363531326637306330
32383232393733616361343561366133643935306337366438386430393336633832656435646364
62393565376361383464316335323564666430623834633035633262396239303734323832653263
35303835353736623361636138396537343566366536373263613739306661313866306130306566
63373965373361323636623564373865636533393366666666666464323233313961386433313637
31396239663032613233616330376162663934633135643536323562363863343230666164653562
31356265386138373161306662653430626633383635376561373162363966396330383134633061
30663839326139376435643538666464393737313630656162643733623464313465366461663931
31316365313536383631353761393935626461613065623835613531613661343163373033383730
34623034363736663430363232326166646563633062363533346330343463316262336232623434
32386562653835303466396161343464346431316261383136303736353039336234313736656431
37396636356465386331653566646165343936303630343235313965633033646461353539636338
61656236353030393766666632663138386430333636616234646462306530643634323166363363
39386437333832343637336233613434363835346234653931666162396233363439333532623837
30363530376330636364356536633935616138623038323362316132643634303234353332343132
36653231373163393664353431613836383465316535366536656138333165633037386463636365
33366634353231353866336564323961336430383539306638613232633834383462383634666461
36373837373162386662306561333661313638306436356431323166326164616633386434306564
37623666323966356537303066643733386164666534363762613838313037396365663134396363
34353262633530393061663166383361323366356433363334363438313861383131386331633134
63623835653639343064623036376332363839336566666532353461323363613762356233623361
66663433383136346536303430323435643030353163386232613135653464613336353733623135
66353165386538656538333366313662376562663630633731613061323363343730323666376264
31656163623330383065306161653761393239653330663961643461336464393465613563336161
32636330366230356236363032363761346533336435643533343132323565303862323461643535
39333638313937313630393062353062373935356433366338623937326631343638396536383362
39353930643861646338383631333163646533383539396539663862336435313463326665306137
35363965306637383364396535326534363939393665353662346532343535396361333036613465
65336534346532623032303363383862303936613161323837383732346337636339336262353134
35303535376562303363656138633665653234613561323736656236333130613939656334646334
33656333663337393563383662653537366133393664346235316637386363346336626566313537
61343134346532333439633765353536633638326133366162613334303537373236356562656439
37643239303137633836316634346466613433313135633235386231396465376238626261306561
63376138333866343965316436393062623735313031653632366232616439663733346536633533
38633865616435333266333762373439616233663835623631623461303066333037303039626663
65653161623465363136386566623531373064356536633762626235316465666366383437666663
34333766373734303830356364346636333434343939646534373037363937636131643562306234
39323961656239616331383761353039663564383731393332306131663764353261336661663030
35383331316532303535323735383436366336373866306661306565633430613166373031613432
63636637336132666562336432616239616661346635353432386639623436336232366232373161
39646539643136353231333739363733613463656438616535653239613232666535333939386165
64393036623264333032393561313335316366343366373663363137343466333932643034353565
33623932313666373766333065366530626563373931613235646565333030656333316566373766
36666132353335363165646361626530313939633764316463306632356166373832386464336438
62383933663236333138363930373136653537316465376239656235316334333230303336386239
36363565326465306230316539313430663662363531376438636435633065613562356539353631
65333133656566316639626162366530643138363765613339623064316532366237623134643438
34636661626562653831353939316464336265616462633036383664313636613564663665336434
63633534343264306536336164363361376435333837616264343231383235336633396633366134
31373738323533646138623366656137393533656563626536393937316235626135373739303532
62376130636537343262333536643134363432643631343461316237653231323563656330356263
30353462383032613437646431653837623834656236326263666536373931636332393239333365
36373032353834353239643061346261366163326462363963636666616538646164623763373461
39356334303836306237363566333864613065373933666666356635633631363131373565303432
36323430396632393433316430623365373261363832396263396263383430396266623337613831
62313738396333383533623334326239393830313032316638653666346630353632333531376136
31323266376431393933356633373966386336653463356364383930616235643564386531366233
31333236616262626438643162383561636665396662396166363265393035613737306561306232
30383266316630313835396466663262363434653961663839633361373965333235376532633239
39383161353831353139393234323536376438333436623932636436313239306334613731383539
31646462626333386266666362356433313865363234383561616631613664643731356632633565
32656135626231306261353563356562626435363862643135613663333737343536343563666365
64636463363236636535396565306533363134376464646232623962313630353138306564356234
64633533303835326265353832623133356532353338363435666535633563366263633437313961
61353761626434626533616538373430393964363330313364376664353435353263646566363061
38306533633264666637633437316435626238353762636465646537333365646538613063323864
65323465623038663134396361643663373361613937666134663166623964626662343339366130
62613964356362646134356262623635316333626263353933393961386265653432373533373132
65623338626432613237653837643463346334636534393133393262616336323131653530336232
32386436313234393135386364363662653833623130653761323864323964326337653639316265
65336539386338306333303236653733346466313235386634346331343266366431343266303061
39316135336566303231353561316366376537353761366433616432623533613832323533303832
39613164663538333939386139396534656239323765643530626235653237623261363436306365
66326134396562623331396666353534633062653236333031333635633863643730313161393537
64653966336531643930363333313133383839326361396464383465326464656432323265353961
33613235363739653234303131313863643862306138633638643135333665353664393733353638
63383864363464636261396534663363316164663233306566643837653062336462613030353033
66303035656562343762333233653834613334636461356361653135633135656333303639343865
35323736386630323561346338386666623338386338393463646139633939336135383335346538
62643862623262343339323938336663616233383366313565613138393730393663356365616163
62376139373261343239643362653438333232353364313562313966363238343533316361373836
30643935626434643834333639313935313532626662313564383766323566363965363961613036
36313633393862643135663231663139376466353436336334366264663338346434353763363461
39353165346533373138636138393130306535306264386439333236643835333535643364616465
39333239383762663030333436393865663530313238643632303661363631363837646461393332
32353235663763373830653036373235316565643430633264376338386438383663616433346332
30333236653530653332393730396362373336386662343631313130363734393730633432663538
31306530353832326331663435336335626135386335636430653862626131396362633036323661
33376130353061343866376335306331613934353265663136383939653637646465393562633466
39366334363435636434353662366365383034646164313662636138313132383035653661346631
66343736383963396536626464333466643938353238393531306330303533336438303935306563
65383536326639393930396439353066336330323362346262653031363638373134616232613431
61656565663935313839333938356161613931393732303739373265316135396337316238663433
36393662653330323765613534316665373334343139376466343037343739636464633539633338
66626635633466353539336439336232653236326138333762656132353835326534666531386161
66303362313730346461613934383138643730613765623561396666636638316539653136346338
38323636303630616434313162663836643333386233666362613039616363663834353963366134
37336561616331313062343135333336626232613132386536346265663161333331356637393036
32633361303936396536353331643636386331343464386361376435646336343931663164643166
37633432623161653732623630336462323438383530333334626133363865383963323939666236
32633864326163393365616237643163383766646438383363396130653533316361373338323933
35346562373631383363373733383135363637643861626165623938626136663436326665346436
36333033313636626661376536666630353637643638653633353266323839383835306362656334
39336230626235663233616235373736636465373566623361346565383064346539316530336639
62666663653662363364303434376139633433623563353937323264616362383764303036393662
65303234386266616661326438323237613963383365356532383662646131313830396363636461
65366336356132333631656437313339333862343337623161623137383832643432396532643166
65336365656133326363303766646330393038343039363836396434363737333662663235313039
35373630663861353264383764303138626663386363306363386439666161343865663261646230
63613234636536303537336533643765313264623637373561383538343031666363656338346362
37636335663539336263643032356362376539623238363139333838643238393365316332353333
39633164666536386539316261626666306433383930366530313137613139646134663330393561
65343334616461653962323466323362666133643736383432663264346637346538633431373433
33343262316531323533643837373161396264316237393537363837336137646335656437626163
66646433386361353762663766643565313734663362356561393464333937336531376339303035
66613364346133653430363239366661313566613139613439626561343938346161613862326635
34303765396136663464633631363363363766643964383733393535663036643937303731656435
63396365383133623239333665656630346465373964396430373638383039383237646165343461
62346438383831663435636562343865303934346434383536396239376134383539313562643034
66303230626461653931353036346434306465373632653766376664363831333434303437326138
31653937383435323037666564656232633635626430333437613164613762636635393863396531
33396539306439656264376433373038653463333265313361613736366132613033333738623438
32313731396264626436386133376231336138363930326433633632396637306632326337343339
33326166356666343132366663646430343664306231623039633962663762633662306236643239
63353734636239366564336637366339663936333263376239343366666263373565376335333163
30373236616235633934623430356238396561623933633465646162386339323165663434633732
38373534306136373864383566356564333232616332376562306438393635663939663635336161
30323435313631623136613432656239353135303931653739353733303635333434643132336539
38353261376636613365303437326665346564623138666630336532306538646132336232626665
65366530316136356235333435613538653439623431383463343636663336633764346463356236
38363162343465303563333061353361326363643636353438373236303739656664666163306533
30366564633066653037326266363834303163613661363238656532396332666132623463643564
32313637313237333838376532613639363338346465623231626134313064313632363466653861
36363237323731356138636232623538636633663437303930333165633464323361313638656537
36613937336561393039343438306432373030633965326533656466396236363564353239303034
37323730616166343938663631613639313137643832346636313536363839383935666336636463
31623363633862343961306636633233353934363635636164363161616461393033633966393938
66666638303832626439366230613265326366623564363338333339363334643037386633306366
61363334303031363436386139313861633736633432323639326239356434343734383363383435
38386264326138303431333339326233326138616438663262303335333761313962666361386534
33313963333135623065343464633731643361353763323462663634663537396430623331313032
33643162363931613835646337353265336465633861363562616464336363323431313361386534
33386363373932353435653533356539653031333563373430376333353232393731383636383630
34636135646363326661373762343934623963333339313137336438333138323838376565653864
62666561613730326664383861613730333334653530666232643462353766313039363966653732
65303432313366373635313535316635626637393330393030356564393966623331376530666366
31633832653162666239613836323039326166646336333732383638343736396334313366386239
66326638373237386363626464613764653366326165353637363736363364303765393934356131
34653436303030343539383234643438313366663134373866646330343232646166336637653339
64663434643938306364326365663663626634373135336530656139383133333965643633316266
34303762393832363963633535653562613061623635623765393736313261346165626665343464
32613766633330396434373361663263366661366664383735613562366465633933643136336438
32303338393034666365646237376562663761633061303963373966336233353432313163613235
34356138653262366665626366613066363366386563646431323561363165333933653633633961
36666130303431353835313838313936333065626636316335363563653337333365633266633364
34656534373465613635396561663936633738396530353437663362383634623662663862323066
38383333363561373431393933333735663737666337323364353836356464333737663963346231
38303433343530653631346633313563636331396637653161633164653463633130383665656539
66636565396566393362336231356630656231613763313833653930393335393432393237313064
34373261636237306633636239663133393162356639323561646132356230663764633735336339
37316530323163383630633935356130363064353336653735353139316439313233336534303834
36376432643932613832363866646266383638323530393363623136656564343133323365373266
36313866393365633064313634343265626138373635356337306166363365653633613163313438
66313461323237316662373237626135343065653138623361303262386338376238376262326237
38326636643734373134646538333337646234393335376430313362343466363466343537326436
38666563636566616163366538653363613434613530376266323364313034346165633266623562
37633965393139643638376164623463353835323435393261363264353833313030626162353034
31636230333638333732616436613133353636613233303664653032653130373833346539613038
32393864313831643834363034356330333931663161646366343262613234373063303534386530
32393162316636626438353362343234376161323763616566356635613838373531623265663666
63363466666535393636623036643333326231333366326166623835316633326466366430663435
64383964666535653434646438313937363261663531643165363131623839633831326630666130
37643635376434376661666461396666613833643363313766633766386533323966393663346464
38373063383639656665643737353163393065633531626130346261363732653731356138383065
64643664353961626366663863663461346534333863666564616364383932333536646338376230
33363638306138336237376232393664636433386663326137633934653132343335393137386664
32383465336239656230363639643361666132373664313930333630376138613239333765373637
34646339666136656263623035326132623638323736616438383266303364396330383239386338
31386165353861666639636438353863633138663531326635623836623530383936353261346365
39613535376165653464386139626239383562303264313265373764356533666335613831323538
39316334393931623332363162353432323437616235346633366265363466643934363334303036
38616663376433363439323262666235633834303964363933323062326230353764653937346130
33313131306362366531653763313232383636333665353632613163353333343964396563663338
64343362366464323661323961373138396332343631653633353361306463653464623466633738
64313263316238303833666238373462336636633335353439386238623162366337323563626231
37626536373361323666353637663664653639383165313130663337383939326563323834313137
65353562313466656438646232313539336239343530333335363332663836393466646635366262
36626136626332376232343430633836316338366633363130616637333762616161346437643539
63643230656137343932333565343332336164323237326332393231346636346637373662366531
62313330623932646162656363343535653039666637306333333132393933306130646233313435
62653566353030316232333963376662323361396165323734353062646665633562383664626263
38336331656230626533336231623530656231386339383863626135646462393738623739623938
31653730666666356233393136373537653763303361393735613132333834303261313164383037
33653961346666306432386432356136396632643363636265346338646463333563633430366661
32333432666164313261346136356334366137303762663736383137636261353239326535386230
64303266633032333064333537616265623736313235616465643935396361363739623037643166
66393361633431616633333262643035646532346532313137613039313836373263393936666334
65333161656639626464633235376430613031336130663932326438326539373935383838656237
30386330316165323664376364663363656138386162303963373562303630623833656162336664
34383536346630326237393531386232656432666335316433363135363131643764313336346634
34616633636439666366313836613938613935356632346165626265346664313763393562326534
39386232643639323238613765353039303534376234653431323530613537363566636564656134
32646436363435313166316535643839666464383035343130396136383738383666323032643338
35373132386538353537323163376435363961383136616335363739616639353465343464363032
34323033623632636162663836373465396131653466623232663434663933363830646239656534
36396333633361306635366631363336663261353632363261663832356332623739336435333131
35656266613538633863343439393333623434373764333364373934383630363062373236356137
36323534626536326564626665396664356264313839386231633865356633396238623866316263
39376163663761666530363238643765323530616462306563623636626136366131653237626539
38636333663433323961616234636138623764346539306234373230376163613863303664306139
63663537656666613931376434303133366634353366663430663163653438313136386438646665
31373135633734636363393666306639313563323739623563613962396134373165303531626238
37316439633135366635396437393961623630623133373664663737323536643235366534383735
31326163396134323137613361356439336339353631316531643464393663656534653861656636
65623638613430343534393766663765346233303564666462333762393666326464646362313266
32623933376563366666306565323132303431343366393137303466316430326365666562653561
64356132666430646530663039636163373634303861656238303165623134306264393637653238
36393965646432363032353132656432386635303533613465383839366236303432376163666130
65653065383366326265346265363765313464623333666532336539633264323031653336306265
36643438373031383937613735316338333166343334383364326638663432356236616663376434
65363937643634656132376365356439363032626261343234626131663061633664643061613734
38376233326432333933303862323830303039373333663935643866336233323736346261303232
63323031323762383035393233633665316538643537363932393466353036626631363539326262
37343337353165626332643737626634383665343861646164346132663233376531613633366633
30383665383263656339393865633665313236316239303832396131663432636336643235613962
31303838393439383362663065623139613336306336643238383836663665633134613834343438
33303338353738303462363361323032636137363162353435353233343939633735643966656461
62626162303536633532663837616531363738663338313264303935346136373933373164313734
66633734663964336634303630353863616434366565363661616261376265323063636432636539
35386330636161333363306634663938623266366239303039386535396430343661346239643830
38623062343039393064623439643631623732333233643964313963643266656261396635356463
63366337636338343134336439363963393835383538623038653438613663353731306364366330
66363337373663356637356334393938326438626535386539613961373436373033393232653431
39316137613761376265383366306637316264623731373732366664376363383531623239613433
64303434393539633561303335653638303563643263303764653562613233323834633134383331
37663762383331343662343138626366626530323736636233643339323833303032303032363137
32646661353536613935663761393761383838366166316534336536356262626130616233613331
62633836306338373562626535643830643933613831653363623432656130336637386432383263
34656530613264303638343830333735666137346134666235333661393838613761343834643664
34616435353535393130313866366139373163353034663034663636666136613931646138613235
66626532353735373962636134626137303337666263373939376661396339376563336239353361
37333866306663616633623532356138636530316532386133313034353462336135363535653830
36656339336562316564316532333239616636376663633636336434393832643035636362346161
36343361653233366133376430663961386465346261613362313931653262313762393236316438
36306363316461313934653531646462333534383038663666643366353062303731303037396662
32303733333762653166663238356635633264363963313939356335356262613930323564353863
63643038666237323165616139386637313066393731656537636338373432306433313266633239
61356263313466646165316535613934316438633462343661663235666534316336643039626462
61333032656234326537303239656331636663646162323232386135656437373436633338616232
63643939396138653436326333326365323863363065336139366663383062646561323136313861
62343131326263643066353461376563623435303331623432623733383662316338343631366439
65373134376364343166653135366630633935383762353033343965313464653263316637656236
65653837363965393365646231656365636138303137333936333664303566356239353366326635
63333166386539356138376434633533623432393165616164616139343135643862343936653262
66363131666637613537306636383866356632623033643935316233653738386330643166383463
31316635383263616535363037343461376432373666373666333963623436643338633838643964
35636231393531376235646436313464376331326464366430323966663162373134396533636435
30303363643338303962373532353236653066366465663338616232363535653035373665383861
61373566633033663737323837663062346239623562633738633633396630663138636230613033
39336237343664376431326365623633303061363666396565623863356135326531396530663761
63666161346236613235626265626364623464323737393362386339326536343534333563393531
34306166373133346339633834326337393466356236383231643430633735363434646331396531
34653331323166373866353533366130383261386562613762346563643662656133643661373766
30636633376433663534623638313432626162373664626562343364633633386562326464393939
62616338393834303061363032613536376334633832373034653430383033303865336465333235
37626634343466366466643834356138393466326534356235306232623232636338663466353337
62336138643963346664363666393335613761636639383336613762653966613531363530633732
62623166346339613233316365643361313366363635323734396265313562666636363634303436
62666537346162343332366165333533326562376562353437313530373364363135336465363364
65336332636566383665376630636630363461383530336161626130656262303465323364656537
35643064316236626435393265393231343064363232633464383330373032373362316361373430
35636664313839353438336437623831333561656662623765633762313135353937666561646263
39633766343765393036303134393766393935643838643939396534623162363561396234323139
65303736623538356539313230366465316163383137333965346361643430303838636330363561
62613864383634343734356564656335383033653237363362653939663461636239316466303933
65343633363264343238326533323738616635373536326266633861383465323333646139636461
32656235393639326361336464336232336239633165303034653436306535343166613430383362
66346330373034643736623637613938616238613738663361653239333861653232346233666433
33373137363663346335613465343762623761643662653366336165623838313261326136306165
31363063356234343166333632613463623730373439316137636237633237653832383836356665
38663338346436666139326464656235636139353437336163336334663463346133633766366236
61333439323637326561373736303862383236366466373161626264316665333830323932386234
35346262363036323538366532353536323938393362323763343436373761373533663231373037
62666261386131656362623864653531356233326366396461643035316238326234363434643564
65333564373736306332643265313563343163316237356430313866366632383236363365656139
37393732343761303062383535646463326335643635323266626138383132653935333332346535
31346165356530343962396639366339613164633134323266643134633131656135633833633264
35346638316662393039353734306135656636353530623933343636626239316664316263386632
65626563633335643634393466386264646430373762353366333863383962306337396339663435
35323433323630303565366130353364623564353061346666313735623165363365323336613137
31653262613964396531363632636338313539393165616636363431653635643061353635346361
64616336666162313662643532656666306239363638333865653739313963353738626335623263
35353961613337656466313532353937663731633965316435333064356238393466643066653237
64396233383537323164633165613734613635633231343036616539303233343338363631396239
30666136643931633938643737316633613132623639613230313634633436343061633662323666
35363337333034303632613863313464633437663839393838623535306663373233343062633339
37383265353062373164393063356662313637336431663630373037313863306264366438333338
37643561396138383261313731383962613632636266306664356132303733633638643664653861
37393763343337663435383365316333383433656430613836643237323330626337613462343438
34373232336362366666376433666665613537613366613930316264373764613030373765303136
31316439363864303030303930353630666462613939306131666335653235326531393663333832
37656137656362316137363231396236373461333663363366363533396339326363646633643234
32656531666637333061313464636336366432653665386330353535623663613137633533643062
30626439313137343434336361613738663065623536333635643165643935363037333438653563
31623330396664343464336136333965653663313530626334303365636162366439346163636138
64373464306239646664393737623031353434643639666263323261393462363433653061656134
65656334656262363632373665303333633932343264323938343133353535613331363564356663
39363834613165393432393631373530666434373064333766616330363934653962623966356564
63633864663233343761653638313530353062653034653764313964343362326165336364616239
65393961666266663536623163363665346333633434376165363937313137383463623738326632
63396237666235363361373961373065633135363535316538663834386661303164303762313663
36316535373862313263643961613431363835333139626431396434316631666235376538353265
65663034353732653634336133353433366237393766646365613464383332613739313436373135
32346566333336356163646461396562386462636364313464366334633565653764623639333237
61353266343237363438653866303834633230336335623739396535366234333562366632643635
66653039383734343435333538626137653963323631643931316333376634633266656131663864
32653362613663316364656264363463643338633939393862393333303337613535316136363963
62303462386432316661373138303934333534303764326432376662343137393937326261646430
66353034643965336165333561323935616565353139353566623664353032353830663062353433
31396433363436393766303730623235623562666136303335303931303132633032326133383232
38643665613831613430363036376666666533366163306538323736633339323933363532613061
33623931353335326365663664386232383537636562336136336232623161306363356436386535
39333830653637633066306237316136383563313561613036343963313264643233333836663465
61346532313533616437313331326264626439643439656435623030393230353437363966323535
63333834656631383833666431336163633366636565373835363731663261623736656232633563
36386138393731323132643163653565363530376666646639336638653466306636313734333636
63333931323334316661373634363934333633663965303262323930656466613038333863623930
39353437396333663864333637383039653635353565633438376661396636386461316234346532
63633361613664346530303632346162393863666332323037633565343630626163306437633634
38363331666466376465393962343737626166306465343964336333613761306338633366326339
32663332326632383339316232356437373831623962333135376634316331613134333031306466
31383339633137396236366164306366363338373430333666326666313664323230306638613165
35356664646634383862376262353438633230343664386661656663643234373730653931666231
62326135313531646331653138323666393031633936666134613330663435633062343763333964
35616236666266393832663366613861363064366636303537393336396463396335383537663334
32373832326530633064636132373738383861323531643939323131623737633461633162633262
34626632626437353533323834623535386330383761333831393434613432356133613065633064
33373636346439646630623533373934343862656566623065616330633038656239306134383136
61626163323438623861616535633862316435626162326331643839643537333066373136386235
65373735393238303831383466313736396365386639333866643961306535376238306638383761
31353138663432643735613534336162323331633135376339306534633639393237363731363735
32363664643130633366353630656262373833353739613361666434313861393433663837656263
34633263393831636262643335613134653731306364303233656633666564326439653834663465
35376339366465303933646335303531666335376233643662353837653132313138316334303065
33616561646636333630656464333033346535363130666536333264663330343661376363643631
61316366313431393939316166386134653632663935656533306530393662336336353166373462
30363930666335306639356665613062356362666661303539356137663335356634643062366431
37653136393033636463653835373334643461393466646362653264626334623466346261376238
66333232623339643365653133636131363161303137393565373464636364343434626534636635
33343432656535613566386262383032656463646439616335633363333236356534623433666536
36383831386562643165626239663231623338316132303837343764336438333230393335333962
31303939663832343439666635363635333266666535643330646133663033353038613534353961
36646137623136663733656561313665383934376265616232663933343538356630633331623132
31396363333139626162353736663263363532366661653562656562363566336665393236376163
36636232666166313039626463663464356537656533356162343638373833623466386361353133
66653563343266613061356662653932343438623434633432376266313030336261343463373437
38623232333338333734383165343361626131356134326538623334333532333038383362313062
64343038353564393062383664313335356130633930313030376161643536626464613966306437
66643065363231336264663936663135616139346663333764316635336339396431663034643931
39613138333162373739343639623939633138616230656533386632363535383436336331353034
32633062393862353531326666303632343966326630396134643962613939613063346532333335
37333839613966663961393564373931323963616538653137343231653436303735613062663862
62353864393236373432633830346566386364666365383965306332663131333465646136366232
33316236376430643731356561633433326131616162336531393036346137306332636535333932
39336566623238343963323965626130623439663461353362373034396639313539613564356264
38383232646235386336316439353831326334366430353738643439613438646563366631653261
33616662353465366639643862363435336536383963353331346466386434663532373936653664
61633662633235336431313361336235623037333733663832353266333364633064386466383265
63363535386162616233333936633866643866326138393634366365343132663835326539383138
62363431323361386666383239393432326534316133653330336634636137666537353036666337
32373034616162323562383730626130386338343635646631356239666536616639303462386232
36356363643438306137353664383530373335663032333766653436306364633336343031333265
30343162613538373338643132626361633730346335616132333562353730343065626530393464
32323032376366356336643461623762393466303165333862666333336438633937356535363136
66383239353361616632633633333632323533663264316365633236343438663936316364633866
64636432343937373430643064313361306434346435363532643062383837373065346565303731
63633263656437363662366433656139643266616135393539313438653765313765613762613933
65313636383438616632363561633934323663386137393334653539393535323830356535383662
31346465633364663031326133656439336135326639663363366332613835393430313131343730
39343062333965323962663735373331663238313265643562656265326564333835366264343166
64626666303138323333313232303637663239656132393533353163353265383362663461306530
34626235343038636462343832623033383764616164623365623465346666306164396264633139
61393136616632663637346136326464653238363064646336666163383236646562313430666436
38633661373664323836643930643539613635363861366630393238313833623433316463383935
39396366326233663334353965653432373730643837616237656162363262333237613762346230
39333537363136353166383266343031336331663633306335353166383432366230303737633432
36613733626134333866663066363363353361383435653334343033356631363539323363313932
36636234366265393330343930313161616163373239376533653338313365323139616366346636
36346135323161343835303933363533613634653834616165313266646161613737656331616161
32366538326538623766663563323439323537313864653933373830623763366436323335633733
30336531646639346436323163636132666264646362326562633337353265333731303765373136
62636137346337646166313532303239633965663563386537616339313961353337373134343437
32323461653338376138346366303536393731616132636238316664346533363438373635373562
37336665383664313333616265343435333235643934356435306333396665633337653361306633
34376261343034353837343531333234376266613534313932666331633564323663353235353964
38383034613630373232326662383464646561366234356530656639613933383261626461626164
39343733656664373136623434383763616436613263393061303633633035376563643062386232
62353732323765383037316164353862623666643736333361316562653961326666653066393834
36363166623662643932313163366166366662316563633531613364376439346263323865653738
39383632656638623937636637353937376137663037343065666461303539363164356265363233
36346166383933666563396439343165643638346334653234376232393362363331643038666462
64613636333965346230633663646633623966393433313630623930373961316132303162363862
31333430366439343763323337393034616266623735353331623533643036646634313834373533
32663265633233666432313462633632333635383534626666623364346134353330643531623230
35653631376437303137373732326438663533393565366437326639343364363661663335643461
36633830383663626266656432616431306466363538313030316262613438343763636134313337
33356630663965616232323235646233663735363062653465653531616235646665623763613538
35313838356533376431396235636131343339383665333739633837346362353464346336326463
35636166323461623833383562383466346165383965333936626639663536623365376361383066
36336639626533393161343365646362356132376438313737333061303932366331363437646366
37633032636537376339326666306437323863373636633962383439646533663530343439326335
37653836316462613866326163343937323435643032616362323961336638613436353934313437
64346531643962386161323033653865303339666131343261616337643532303261383830343636
32383532356332613632643933386435616636323439373138306639393831653037363435666336
33643037643833613263396237653666633034316333386361636436353832313039333563333739
36626135373030633264383436393436303439663537336361643562333532303562336465383835
31666333623436613263343566333539363936343132363038373136663236356438626339303465
39346438336139626633363339333038343331656631306135656335646533326662323561666661
64636237663865633635646233643435633435363639303339393136636163383461393766363564
66653063376536383931303937306532313066663832393830613761393264643130303639633130
37363036333438393232363739353430323865356164383065393537383636363461613531313236
64636633396266313161663237313062316536653139363136373333333231663537636464363462
31306439396531656634636238303063366463343663326366356364333762643366653764386639
38336636653737313135633038303339656230353230333730313434363131363332616430396335
35663239633664656463646335613631336239393535653631356335636137316331356132383532
66306435396362343432366466373538356663646161643731316231633631313932633839356338
30623436656336643431356332396138623465653638396537313735346461336432663838643334
62323763303066613231623061336238363535313632383161346461373131616239353661636265
34656165383935663762643838623131316134376431633739326162663438303835326636373533
64333863356265356130626138633532663665313665663035656465326333303866623466346136
63306461353866383837626233383165623438636238636538366330363064653736343862303433
61386166386137623634346633663535383165386332336365643937353963333163303231303838
63643438623363326363306565313132613834323366303234373966643461613534363238653061
33613537393330656630383030303137623834323361353238346362373934333063613834343434
36623061303336393931643563646466396331306562333033343466663433326563336161383161
61303737323538326432366261333665316636626434393164626336353931303064623366666533
33653861313864316536636561303834623938353537646230653539626564316433393936333332
63393732663166313735613261353464326633363038363636643365633632616433313264316238
30343362636136336665643265373635333733396338386563613236396635663238383530636532
63393638343565643536643431333264613666353035613461663663666439323432623535646665
31376538653731633232656464656233326635643030353830303636386434316130316130306334
30653431636563316334613733343861666338303439313761636363613865373337653133396339
66333263323566643037393033373664643262396133303333376535323966643964656662343938
38376663333534636133643038323439663265353237366330323837643731306537656232613638
34376532656630376139343632613337316661363363313937626139636234643236613933623231
30376261356132633336366338313034353539313233343730663763343863313464326237393939
33303930356563363431306334343332376337386364613163663230646531393838623332643463
34653836396362643438343938626366396132646230613766343661633037643935623963396330
66653565623634663031666232643534663632373839326466346531323965386539323762663930
30333631633464393465383937363937613530633637383939383938303365306437356230306461
61346163633536333466646162376665336230373131623338346534633761323634366231613562
32643866366433656330323433353635313065656634326635323964326466653535313462613431
66373734383132353562386331633230303065613364336265316137633033663161626365373731
39646530343735616131303237326137396264393466333137353535613361613232633335633939
32303662666263346162353731633162646431663664393135343565633639663235313838343163
33666130366130363833396437303232316266346662353964646630626262626431363634316433
65333635636434343438653934643934303262376132373835363530363862346365386130343331
65666439366334303964366332373231393063386163623061623138633765393464343933363836
36666261616534323533313632663438623130656564333461393161323266383565383332653730
34383535306539353230323163373061373865633465613834363732336463303037663239306265
34613061366136343639626439323035303562353839333037393035646665633565356430626239
39303461616562333833303335643062323263303537343062363265353638373036363734396435
30353961396364646264333331633132376235366139646631366562376335393937383832303233
65326533303137653338326533383438643530363162616165306138633531363534666536376531
37633938623163623139303536316232323262386136373266383533656663333165656462623966
37323530313164343533303831633937623936333861326465666433663636613637356437353163
64633237346232633838303566373035346663353363343832346465656664663861623965346165
35623730353133396434333032386338313462616639643365303465616565636535366338666333
38633862643762633864643631333063643435663164336133363733323635653339333939393734
38366266653961633163346164373663343764646637343133323536373832303362376230646665
61623666373734303361303534623634643131373161613037653732393663353661626131396562
38396166313065353966633739303531626464626664313432353230373438646562396562653462
36333537386639346662666633636332646237313930366333326164656661343839396163396631
61386437633932633033653236383662643930373234653539343934623639336563393035333232
30626162633666343732656230623937383165336332313035623265336463363366363033306263
38353234313166623266386638636133663861333863623063376535363038333133396238323436
63656561656466323337333131613834626232623238613362356539666165366130316665303663
66316465626530653164306538636635343038396563663132323061383137633538373438666633
37316665333561383935306666343236376130323431323435326235366464353532326239623332
66636266363032343663366463616662633637323932326131373534626430346336373132336434
37613636656630393461626132626432653262626534646533373962336265313333373066653231
35656139323637323465646537393438303861376238313334663462343861643330313639306265
35656234383533333965366533636264643263333165313063613836386165643238323065643436
64313131393139656366383936613833343830386432313933666664633764313463653138303236
63313562346538323364313035653862373365333362346362366137386634653632653133643936
66366665343266656636396362353038316438326133663431363064633038646537306332653461
30663938326435613565666536326133373666363239633832393830663033306465323866613238
65616661316263336261336163306337643864306638663934396637663237303531316263333037
31613163386239346131303330643833613239666637396464303233626130346434386332666336
31313566656431313031303966663034353833633065333661363465623431346365333639643335
32633834646263303439633033666133336538643365643565383932633765643331626163356332
30313232353038396561303133653637666264646235656261663837373533363336363733303934
34633062633762666332363163323966646137653666656166333366343634313432326361383138
61393037313238653733613139343731343831346561623933383936393764393431613936303935
36313866666130383237303562633637353933316632663866326236376336396666343535313032
34623235383261356265336463353339376161623862376565623862656262663865656161313434
32633465336361656139333335616138383138663665643238653832396663353335326365343833
63356336353965623539303938346533373838333438376666646565363036343638643362643866
37643139626130356238636465633136323138636636386539366132303438313065313937653663
30326539356465323333363139323833323534643838336531386438396138396665643339363132
30383861383634363962386363306539393935633964316132353530653762323239343663346238
35626638666230336466356537386433656334343034623333366232313932323566666562653234
66633434643135303663646462633834626337316662316339323534323232633161326532623839
62343938303465326632323032323964653639653661303436313237373138343834313137643539
64363630303132613638343334636432326465343837643639376430653735346335646237306536
66363637643838633862363437666239613838313565356432366164626262343339633466653235
38326230643562633362366166336465343465386533393935346135343339323766303737636232
32616562636465626635323566333630653731343433393966366663633466386335376566363465
62626364353666316433616632613265393565653439333931373534366138636632306666393864
35623732616661653736383264383035646635306537343366656562303431333539313436353430
33633161343932356163633437386362613233633033393734306430363364646139616465313335
30646434663161636334316265326231373832626338663536643466363663643963333935626231
63653131303838396534633630306264383832313031613464313930376165396637633764643464
62326233623766633038363036643630353563303163333465363765613532333061373066626136
34373864633631663637373464653764396435393965323933633235656535333961336266333532
31616632623836643930353462343438323538396636663038626431306464313266616365323336
36653930653561646133386562376164336232343164616165396365303933653939303264343537
62363362336361653538616339316466336631323932623833373635383265323161323231343534
37303331633334333938353639633732616262356538663566393637646330343732613561306333
33383666363633343637393566636432363934616566386234643062666530383439626536383739
36653164396333323163633338653565633737623333323938323661396263316235663136623230
32343733353732396538336335643637313465623839663130633139383035623133356566363338
30356537356334613830313363346161303963323035363834323838636433653432623761666135
61383863336631623164353566616135626330383061663163363832613966383634386639383661
63346135343165616636363164363633333033643333653730363733343630353961663538303838
39613836393764303931643332643434386136356135323063646335616663653065353462643935
38373135353830656338376233376433346632613438383466376364393662633932653338373538
38326566373532306539633130373931616436336164616162363664386537323039343433626163
63636431663034336538626335316138306434313765623337613731393536656232653432303737
63616265333361656432306665313937653464363138366135303065653137323962323962386133
35333337643134333064386266323534306436623336383961373963373532376334623463353761
35376438343035356433666238323931336236346538663466346539646663343434376132396237
38363564333930356435346333636666643162336665633439656264333062306134333934303634
63666637623362323731363330333866343764386361396335386261383366636633383832363161
62613662313632633839396631623161353561336362366437383434356333333261656666376233
36303261653831656464393336343233643638643631643065336264353834306639316138633638
31373432306664663433653635353966383533343834376464626262336235316532316565313335
32306562666466343536636239666135646333636464323862393533313630653037306633333239
62376361353135303162323065663563616334616436653330396637353133323237333665336233
66636531616464373436663934323032306139623137346565636464336261346638623164663963
37303061356361653634303336646633613634346331636264303362363337323031393733656161
35646363323136386564363930363932666439333564656434623438653932393466373365353061
66346439363034346537623135306535323065616261303734326131376335663034393031663766
61393766633761626435366166363838626333363036383366306365376135343335633438383836
34326465666533363163626538386533333266396564656630343264653862356338663161396534
3936
